00 00 00 11 10 1 111 100 101 0000 38
00 00 00 11 10 1 110 101 101 0000 27
00 00 00 11 10 1 101 110 101 0000 26
00 00 00 11 10 1 100 111 100 0000 195
00 00 00 11 10 1 111 101 101 0000 30
00 00 00 01 00 1 000 001 101 0000 5
00 00 00 11 10 1 111 101 100 0000 191
00 00 00 11 10 1 100 110 101 0000 119
00 00 00 11 10 1 111 100 100 0000 196
00 00 00 11 10 1 101 110 100 0000 173
00 00 00 11 10 1 100 111 101 0000 33
00 00 00 10 01 0 001 000 100 0000 983
00 00 00 10 01 0 001 000 101 0000 42
00 00 00 01 00 1 000 001 100 0000 138
00 00 00 11 10 1 101 111 101 0000 27
00 00 00 11 10 1 110 100 100 0000 775
00 00 00 11 10 1 110 101 100 0000 201
00 00 00 11 01 1 001 001 101 0000 785
00 00 00 11 10 1 100 110 100 0000 800
00 00 00 11 10 1 101 111 100 0000 180
00 00 00 11 01 1 001 001 100 0000 2158
00 00 00 00 00 0 000 000 101 0000 1300
00 00 00 11 10 1 110 100 101 0000 132
00 00 00 00 00 0 000 000 100 0000 1446
